196,33,22,red
199,32,30,red
220,35,32,red
128,24,24,red
177,10,28,red
225,75,89,red
184,43,29,red
201,51,34,red
185,57,39,red
254,0,2,red
204,22,0,red
206,0,25,red
254,0,0,red
219,49,19,red
139,0,0,red
61,13,3,red
195,50,29,red
196,65,64,red
209,23,23,red
174,32,26,red
204,51,32,red
213,72,95,red
206,61,44,red
220,0,3,red
255,215,12,yellow
254,241,147,yellow
232,238,90,yellow
246,191,39,yellow
249,217,94,yellow
228,235,97,yellow
247,254,98,yellow
254,249,165,yellow
255,242,39,yellow
254,242,0,yellow
240,246,99,yellow
247,224,23,yellow
230,230,139,yellow
252,234,4,yellow
212,223,119,yellow
255,255,0,yellow
232,238,88,yellow
233,239,105,yellow
245,239,141,yellow
251,245,161,yellow
248,233,133,yellow
254,254,71,yellow
0,255,0,green
101,166,138,green
125,232,88,green
75,168,122,green
37,202,38,green
123,252,1,green
40,148,112,green
35,122,96,green
38,146,114,green
68,152,137,green
82,179,142,green
0,166,82,green
31,164,149,green
35,67,17,green
125,194,75,green
42,159,115,green
89,175,132,green
84,153,129,green
33,83,54,green
159,217,140,green
31,166,151,green
0,128,1,green
64,189,85,green
255,139,43,orange
255,103,0,orange
255,127,0,orange
255,153,0,orange
238,131,59,orange
232,135,64,orange
242,127,0,orange
255,102,0,orange
255,103,0,orange
249,150,64,orange
254,150,63,orange
251,128,3,orange
255,137,0,orange
244,143,73,orange
225,115,0,orange
232,114,36,orange
255,128,0,orange
229,128,86,orange
255,159,67,orange
233,116,0,orange
255,136,0,orange
255,122,1,orange
252,79,19,orange
254,101,33,orange
255,237,231,white
219,229,254,white
253,255,254,white
249,255,241,white
231,238,249,white
212,242,253,white
239,245,254,white
243,239,227,white
233,254,255,white
242,233,228,white
248,249,254,white
250,240,230,white
229,224,221,white
242,233,228,white
241,244,254,white
242,245,254,white
253,251,251,white
225,248,254,white
232,254,255,white
238,228,220,white
234,228,254,white
247,249,255,white
234,254,254,white
49,54,57,black
37,37,37,black
0,0,0,black
40,39,45,black
10,18,13,black
28,28,28,black
9,0,0,black
47,47,47,black
36,29,33,black
28,29,33,black
27,32,35,black
34,109,254,blue
22,99,201,blue
50,123,255,blue
40,111,254,blue
14,81,185,blue
33,112,255,blue
13,94,212,blue
14,85,189,blue
45,114,254,blue
0,48,143,blue
0,0,254,blue
37,107,254,blue
0,0,255,blue
15,80,176,blue
3,91,188,blue
16,80,185,blue
16,81,185,blue
33,103,254,blue
0,0,154,blue
1,119,193,blue
